LinkedListBranchTrap20       
20                           
0   0                        
10  0
20  0
30  0
40  0
50  0
60  0
70  0
80  0
90  0
7   10
17  10
27  10
37  10
47  10
57  10
67  10
77  10
87  10
97  10
0 19                            
19                             
0 1 15     
1 2 15     
2 3 15     
3 4 15     
4 5 15
5 6 15     
6 7 15     
7 8 15     
8 9 15     
0 10 2      
1 11 2      
2 12 2      
3 13 2      
4 14 2
5 15 2      
6 16 2      
7 17 2      
8 18 2      
9 19 2  