LinkedListBranchTrapVariant      
20                           
0   0                        
10  0
20  0
30  0
40  0
50  0
60  0
70  0
80  0
90  0
7   10
17  10
27  10
37  10
47  10
57  10
67  10
77  10
87  10
97  10
0 19                            
19                             
0 1 15     
1 2 15     
2 3 15     
3 4 15     
4 5 15
5 6 15     
6 7 15     
7 8 15     
8 9 15     
0 10 50      
1 11 50      
2 12 50      
3 13 50      
4 14 50
5 15 50      
6 16 50      
7 17 50      
8 18 50      
9 19 50  