MazeWithBottleneck
20
0.0 0.0
10.0 0.0
20.0 0.0
30.0 0.0
40.0 0.0
0.0 10.0
10.0 10.0
20.0 10.0
30.0 10.0
40.0 10.0
0.0 20.0
10.0 20.0
20.0 20.0
30.0 20.0
40.0 20.0
0.0 30.0
10.0 30.0
20.0 30.0
30.0 30.0
40.0 30.0
0 19
30
0 1 10
1 2 10
2 3 10
3 4 10
5 6 10
6 7 10
8 9 10
10 11 10
11 12 10
12 13 10
13 14 10
15 16 10
16 17 10
17 18 10
18 19 10
0 5 10
5 10 10
10 15 10
1 6 14.14
6 11 14.14
11 16 14.14
2 7 14.14
7 12 14.14
12 17 14.14
3 8 14.14
8 13 14.14
13 18 14.14
4 9 14.14
9 14 14.14
14 19 14.14
7 8 50