TwoBranchTrapVariant
20
0    0      
5    0      
10   0      
15   0     
20   0      
25   0      
30   0       
35   0      
40   0      
45   0      
50   0      
5   10      
10  10      
15  10      
20  10      
25  10      
30  10      
35  10     
40  10      
45  10      
0 19                  
19            
0 1 10
1 2 10
2 3 10
3 4 10
4 5 10
5 6 10
6 7 10
7 8 10
8 9 10
9 10 10
0 11 10
11 12 5
12 13 5
13 14 5
14 15 5
15 16 5
16 17 5
17 18 5
18 19 5