TwoBranchTrap20
20
0    0      
25   0      
10  20      
20  35      
30  50      
40  60      
50  65      
60  60      
70  50      
80  35      
90  20      
95  10      
90 -10      
75 -20      
55 -22      
35 -18      
40   0      
60   0      
80   0      
100  0      
0 19                  
23                    
0  1   5              
1 19 180              
0  2  10
2  3  10  
3  4  10  
4  5  10
5  6  10
6  7  10  
7  8  10  
8  9  10
9 10  10
10 11  10 
11 12  10 
12 13  10
13 14 10
14 15 10 
15 19 10          
0 16  20
16 19 250                  
0 17  20
17 19 250                  
0 18  20
18 19 220                  