Zigzag Graph (50 nodes)
50
0.0 0.0
10.0 0.0
20.0 0.0
30.0 0.0
40.0 0.0
50.0 0.0
60.0 0.0
70.0 0.0
80.0 0.0
90.0 0.0
10.0 10.0
20.0 10.0
30.0 10.0
40.0 10.0
50.0 10.0
60.0 10.0
70.0 10.0
80.0 10.0
90.0 10.0
100.0 10.0
10.0 20.0
20.0 20.0
30.0 20.0
40.0 20.0
50.0 20.0
60.0 20.0
70.0 20.0
80.0 20.0
90.0 20.0
100.0 20.0
10.0 30.0
20.0 30.0
30.0 30.0
40.0 30.0
50.0 30.0
60.0 30.0
70.0 30.0
80.0 30.0
90.0 30.0
100.0 30.0
10.0 40.0
20.0 40.0
30.0 40.0
40.0 40.0
50.0 40.0
60.0 40.0
70.0 40.0
80.0 40.0
90.0 40.0
100.0 40.0
0 49
60
0 1 10
1 2 10
2 3 10
3 4 10
4 5 10
5 6 10
6 7 10
7 8 10
8 9 10
1 10 10
10 11 10
11 12 10
12 13 10
13 14 10
14 15 10
15 16 10
16 17 10
17 18 10
18 19 10
10 20 10
20 21 10
21 22 10
22 23 10
23 24 10
24 25 10
25 26 10
26 27 10
27 28 10
28 29 10
20 30 10
30 31 10
31 32 10
32 33 10
33 34 10
34 35 10
35 36 10
36 37 10
37 38 10
38 39 10
30 40 10
40 41 10
41 42 10
42 43 10
43 44 10
44 45 10
45 46 10
46 47 10
47 48 10
48 49 10
0 49 1000
9 49 900
19 49 800
29 49 700
39 49 600
9 19 50
19 29 50
29 39 50
39 49 50
4 14 50
14 24 50
24 34 50
34 44 50